12345678904    1102    Varsha       SAVINGS    950000     22    9812345678
12345678903    6729    Bhargav      SAVINGS    2500       20    9902769529
12345678901    4521    Rahul        SAVINGS    12000      28    9876543210
12345678902    9834    Anita        CURRENT    54500      35    9123456789
12345678905    3345    Kiran        FIXED      100000     40    9798765432
12345678906    7788    Sneha        SAVINGS    0.00       19    9823456789
12345678907    2299    Arjun        CURRENT    7500       31    9845123456
12345678908    5531    Priya        SAVINGS    32000      26    9911223344
12345678909    8810    Suresh       FIXED      200000     45    9876123450
12345678910    6644    Meena        SAVINGS    1500       21    9811122233
12345678911    9902    Rakesh       CURRENT    87000      38    9898989898
12345678912    7711    Kavya        SAVINGS    45000      29    9922334455
